
// Layout vars
font-family = Quicksand, sans-serif
font-size = 20px


// Grid vars
col-1 = 6.86666666667%
col-2 = 15.33333333333%
col-3 = 23.8%
col-4 = 32.26666666667%
col-5 = 40.73333333333%
col-6 = 49.2%
col-7 = 57.6666666667%
col-8 = 66.1333333333%
col-9 = 74.6%
col-10 = 83.06666666667%
col-11 = 91.53333333333%
col-12 = 100%

column-margin = 1.6%


// Animation vars
animation-time = 0.2s


// Theme vars
theme-color = #7B1FA2
text-color = #FFF


border-radius = 3px
